VDC/MUNICIPALITY,HOUSEHOLD,TOTAL_POPULATION,MALE_POPULATION,FEMALE_POPULATION,AVERAGE_HOUSEHOLD_SIZE,SEX_RATIO
TOTAL,111316,627580,311016,316564,5.6378238528154085,98.24743179894114
ANAKAR,989,5671,2793,2878,5.734074823053589,97.04656011118833
AURAHI,1638,8575,4225,4350,5.235042735042735,97.12643678160919
BAGADA,1166,6419,3239,3180,5.505145797598628,101.85534591194968
BADIYA BANCHAURI,1178,6767,3388,3379,5.744482173174872,100.26635099141758
BAIRGIYA LAXMINIYA,584,3640,1684,1956,6.232876712328767,86.09406952965234
BALAWA,1496,8093,3925,4168,5.40975935828877,94.16986564299424
BANAULI DONAULI,944,4577,2232,2345,4.848516949152542,95.18123667377398
BANOUTA,1307,6413,3112,3301,4.906656465187452,94.27446228415631
BARDIBAS,2710,12584,6272,6312,4.643542435424354,99.36628643852978
BASABITTI,1036,6410,3157,3253,6.187258687258687,97.04887795880725
BATHANAHA,1644,9647,5061,4586,5.868004866180049,110.35761011774967
BELGACHHI,1157,6159,3087,3072,5.323249783923941,100.48828125
BHARATPUR,1836,10317,5255,5062,5.619281045751634,103.81272224417226
BHATAULIYA,845,4626,2330,2296,5.474556213017752,101.4808362369338
BIJAYALPURA,1537,8188,3992,4196,5.327260897852961,95.13822688274547
BRAMARPURA,1734,9458,4363,5095,5.4544405997693195,85.63297350343474
DAMHIMARAYEE,1723,9698,4836,4862,5.628554846198491,99.46524064171123
DHAMAURA,2517,14250,6888,7362,5.66150178784267,93.56153219233903
DHARMAPUR,1104,5814,2537,3277,5.266304347826087,77.4183704607873
DHIRAPUR,1556,9550,4648,4902,6.137532133676093,94.81844145246838
EKADARABELA,1605,10310,5511,4799,6.423676012461059,114.83642425505313
EKARAHIYA,1796,9958,4860,5098,5.544543429844098,95.33150255001962
ETAHARWAKATTI,1156,6902,3467,3435,5.970588235294118,100.9315866084425
FULAHATTA PARIKAULI,1023,5939,2997,2942,5.805474095796677,101.86947654656694
FULAKAHA,1187,7170,3657,3513,6.040438079191238,104.09906063193853
GAIDHA BHETPUR,919,5250,2551,2699,5.712731229597389,94.51648758799556
GAURIBAS,1487,6321,2937,3384,4.25084061869536,86.79078014184397
GAUSHALA,3022,17086,8763,8323,5.653871608206486,105.28655532860746
GONARPURA,1308,7156,3583,3573,5.470948012232416,100.27987685418415
HALKHORI,1051,6033,2827,3206,5.740247383444339,88.1784154709919
HARIHARPUR HARINAMARI,1283,6683,3118,3565,5.208885424785659,87.46143057503505
HATHILET,1139,5316,2571,2745,4.667251975417033,93.66120218579235
HATISARWA,1254,6828,3245,3583,5.444976076555024,90.56656433156573
JALESHWOR MUNICIPALITY,4204,23533,11695,11838,5.5977640342530925,98.79202568001352
KHAIRBANNI,1486,9140,4701,4439,6.1507402422611035,105.90223023203424
KHAYAR MARA,1727,8719,4303,4416,5.048639258830342,97.4411231884058
KHOPI,1409,7327,3503,3824,5.20014194464159,91.60564853556485
KHUTTAPIPARADHI,1791,10159,4834,5325,5.672250139586823,90.7793427230047
KISAN NAGAR,1507,8121,4055,4066,5.3888520238885205,99.72946384653221
KOLHUWA BAGAICHA,1308,8346,4163,4183,6.3807339449541285,99.52187425292853
LAXIMINIYA,1995,10920,5542,5378,5.473684210526316,103.04946076608405
LOHARPATTI,1537,8246,3860,4386,5.364996746909564,88.00729594163246
MAHADAIYATAPANPUR,1089,5601,2653,2948,5.143250688705234,89.9932157394844
MAHOTTARI,1830,10576,5395,5181,5.779234972677596,104.13047674194172
MAISTHAN,2165,10022,4697,5325,4.629099307159353,88.20657276995306
MAJHORA BISHNUPUR,1199,6675,3352,3323,5.567139282735613,100.87270538669877
MANARA,1155,6925,3485,3440,5.995670995670996,101.30813953488371
MATIHANI,1510,9664,4874,4790,6.4,101.75365344467642
MEGHANATH GORAHANNA,1048,6077,2942,3135,5.798664122137405,93.84370015948963
NAINHI,1345,8403,4282,4121,6.2475836431226766,103.90681873331715
NIGAUL,1353,7814,3827,3987,5.7753141167775315,95.98695761223978
PARAUL,1163,6818,3319,3499,5.862424763542562,94.8556730494427
PARSA DEWADH,1664,11394,5657,5737,6.847355769230769,98.60554296670733
PARSA PATELI,709,3612,1685,1927,5.094499294781382,87.44161909704204
PASUPATINAGAR,841,4941,2522,2419,5.875148632580261,104.25795783381562
PIGOUNA,739,3593,1667,1926,4.861975642760487,86.55244029075804
PIPRA,1635,9373,4787,4586,5.732721712538226,104.38290449193197
POKHARIBHINDA SAMGRAMPUR,942,5270,2597,2673,5.59447983014862,97.15675271230828
RAGHUNATHPUR,1013,6307,3213,3094,6.226061204343534,103.84615384615385
RAMGOPALPUR,2055,12037,5908,6129,5.8574209245742095,96.39419154837657
RAMNAGAR,1343,7211,3620,3591,5.369322412509307,100.80757449178502
RATAULI,993,5848,3066,2782,5.889224572004029,110.20848310567936
SAHASAULA,1269,7398,3563,3835,5.829787234042553,92.90743155149936
SAHORAWA,1122,5768,2780,2988,5.140819964349376,93.0388219544846
SANDHA,801,4483,2217,2266,5.596754057428215,97.83759929390997
SARPALLO,1789,9876,4827,5049,5.520402459474567,95.60308972073678
SHAMSI,1273,8237,4250,3987,6.4705420267085625,106.59643842488087
SHREEPUR,2010,11543,5813,5730,5.742786069651741,101.44851657940663
SIMARDAHI,961,5137,2341,2796,5.345473465140478,83.72675250357653
SINGYAHI,1472,8274,4003,4271,5.6209239130434785,93.72512292203231
SISAWAKATAIYA,1290,7664,3679,3985,5.94108527131783,92.32120451693852
SONAMA,1529,9122,4638,4484,5.965990843688686,103.43443354148083
SONAMAI,1662,8973,4379,4594,5.398916967509026,95.3199825859817
SONAUL,697,4195,2120,2075,6.018651362984218,102.16867469879519
SUGA VAWANI,1025,6798,3577,3221,6.632195121951219,111.0524681775846
SUNDARPUR,2313,14178,7085,7093,6.12970168612192,99.88721274495983
VAGAHA,2399,13081,6145,6936,5.452688620258441,88.5957324106113
