VDC/MUNICIPALITY,HOUSEHOLD,TOTAL_POPULATION,MALE_POPULATION,FEMALE_POPULATION,AVERAGE_HOUSEHOLD_SIZE,SEX_RATIO
TOTAL,95536,601017,312358,288659,6.291000251214202,108.21003329187727
ALAU,1213,8566,4433,4133,7.061830173124485,107.25864989112026
AMARPATTI,705,4971,2580,2391,7.051063829787234,107.90464240903388
AURAHA,809,5392,2778,2614,6.665018541409147,106.27390971690896
BAGAHI,964,6570,3392,3178,6.8153526970954355,106.73379483952172
BAGBANA,1266,6964,3481,3483,5.500789889415482,99.94257823715188
BAGESHWARI TITRONA,997,6668,3467,3201,6.688064192577733,108.30990315526398
BAHAURI PIDARI,858,5919,3142,2777,6.898601398601398,113.14368023046453
BAHUARBAMATHA,1012,6984,3634,3350,6.901185770750988,108.4776119402985
BASADILWA,903,6410,3291,3119,7.098560354374308,105.51458800897724
BASANTPUR,1157,7933,4094,3839,6.856525496974935,106.6423547798906
BELWA PARSAUNI,1370,9301,4790,4511,6.789051094890511,106.18488140101974
BAIRIYA BIRTA (NAU.TA.JA.),800,5213,2638,2575,6.51625,102.44660194174757
BAIRIYA BIRTA (DA.PU.),908,6340,3303,3037,6.9823788546255505,108.75864339809023
BHAWANIPUR,847,6193,3276,2917,7.311688311688312,112.30716489544052
BHEDIHARI,846,5772,2977,2795,6.822695035460993,106.51162790697674
BHISAWA,829,5735,2920,2815,6.917973462002412,103.73001776198933
BIJBANIYA,512,3816,1987,1829,7.453125,108.63860032804811
BINDABASINI,777,5199,2752,2447,6.691119691119691,112.46424192889253
BIRANCHIBARWA,558,3625,1846,1779,6.496415770609319,103.76616076447442
BIRGUNJ SUB-METROPOLITAN CITY,24164,135904,72580,63324,5.624234398278431,114.6168909102394
BIRWAGUTHI,2350,13248,6608,6640,5.637446808510639,99.51807228915662
BISHRAMPUR,985,7089,3661,3428,7.196954314720812,106.79696616102683
CHORNI,1370,9347,4747,4600,6.822627737226277,103.19565217391305
DEUKHANA,719,4866,2463,2403,6.767732962447845,102.4968789013733
DHAUBINI,709,4903,2484,2419,6.915373765867419,102.68706076891276
DHORE,726,4804,2471,2333,6.6170798898071626,105.91513073296186
GADI,782,4358,2201,2157,5.572890025575448,102.0398701900788
GAMHARIYA,602,4176,2221,1955,6.93687707641196,113.60613810741688
GHAUDHDAUR PIPARA,488,3227,1680,1547,6.612704918032787,108.5972850678733
GOVINDAPUR,443,2897,1465,1432,6.539503386004514,102.30446927374301
HARIHARPUR (NAU.TA.JA.),709,4758,2432,2326,6.710860366713681,104.55717970765261
HARIHARPUR BIRTA,406,2969,1527,1442,7.312807881773399,105.89459084604715
HARPATAGUNJ,616,4449,2360,2089,7.222402597402597,112.97271421732886
HARPUR,1007,6139,3135,3004,6.096325719960278,104.36085219707056
JAGARNATHPUR,1067,6741,3508,3233,6.317713214620431,108.50603154964429
JAIMANGALAPUR,810,5398,2721,2677,6.664197530864198,101.64363093014568
JANAKITOLA,616,4402,2200,2202,7.146103896103896,99.90917347865576
JEETPUR,952,5160,2529,2631,5.420168067226891,96.12314709236031
JHOUWA GUTHI,993,6362,3287,3075,6.406847935548842,106.89430894308943
KAUWA BAN KATAIYA,642,4882,2516,2366,7.604361370716511,106.33981403212172
LAHAWARTHAKARI,523,4038,2129,1909,7.720841300191204,111.52435830277632
LAKHANPUR,757,4962,2611,2351,6.554821664464994,111.05912377711613
LAL PARSA,616,4478,2324,2154,7.26948051948052,107.89229340761375
LANGADI,525,3421,1739,1682,6.516190476190476,103.38882282996434
LIPANI BIRTA,970,6938,3695,3243,7.152577319587629,113.93771199506631
MADHUBAN MATHAUL,1246,6783,3394,3389,5.443820224719101,100.14753614635585
MAHADEVPATTI,1207,7174,3700,3474,5.943661971830986,106.5054691997697
MAHUWAN,761,4837,2472,2365,6.35611038107753,104.52431289640592
MAINPUR (PAKAHA),477,3232,1695,1537,6.7756813417190775,110.27976577748862
MANIYARI,934,6627,3405,3222,7.095289079229122,105.67970204841713
MASIHANI,968,6081,3177,2904,6.2820247933884295,109.400826446281
BHIKHAMPUR,708,4674,2404,2270,6.601694915254237,105.90308370044053
MIRJAPUR,690,4229,2189,2040,6.128985507246377,107.30392156862744
MUDALI,823,5850,3064,2786,7.108140947752126,109.97846374730797
NAGARDAHA,485,3583,1852,1731,7.387628865979382,106.9901790872328
NICHUTA,1060,6620,3363,3257,6.245283018867925,103.25452870739944
NIRMAL BASTI,2055,9772,4773,4999,4.755231143552312,95.47909581916383
PACHARUKHI,792,5588,2869,2719,7.055555555555555,105.51673409341669
PARSAUNI BIRTA,735,5001,2620,2381,6.8040816326530615,110.0377992440151
PRASAUNI MATHA,866,6151,3135,3016,7.102771362586605,103.94562334217508
PIDARIGUTHI,817,5159,2618,2541,6.314565483476132,103.03030303030303
POKHARIYA,1015,6995,3558,3437,6.891625615763547,103.52051207448356
PRASURAMPUR,409,2925,1525,1400,7.15158924205379,108.92857142857142
RAMGADHAWA,996,6668,3642,3026,6.694779116465863,120.35690680766689
RAMNAGARI,510,3333,1692,1641,6.535294117647059,103.10786106032907
SABAITHAWA,680,4487,2273,2214,6.598529411764706,102.66485998193315
SAKHUWA PRASAUNI,1204,6718,3342,3376,5.579734219269103,98.99289099526067
SAMJHAUTA,992,6995,3617,3378,7.051411290322581,107.07519242155121
SHANKAR SARAIYA,771,4070,2011,2059,5.278858625162127,97.66877124817873
SEDHAWA,609,3266,1590,1676,5.362889983579639,94.86873508353221
SHIBARWA,933,6491,3384,3107,6.957127545551983,108.91535242999679
SIRSIYA KHALWATOLA,828,5932,3114,2818,7.164251207729468,110.50390347764372
SONBARSA,1114,7158,3664,3494,6.425493716337522,104.86548368631941
SREESIYA (NAU.TA.JA.),527,3356,1720,1636,6.368121442125237,105.13447432762837
SUBARNAPUR,774,3452,1582,1870,4.459948320413437,84.59893048128342
SUGAULI BIRTA,898,6176,3036,3140,6.877505567928731,96.68789808917198
SUGAULI PARTEWA,1046,5765,2852,2913,5.511472275334608,97.90593889461037
SUPAULI,578,3095,1537,1558,5.354671280276817,98.65211810012838
SURJAHA,632,4156,2231,1925,6.575949367088608,115.8961038961039
THORI,1418,7173,3477,3696,5.058533145275035,94.07467532467533
TULASI BARWA,662,4314,2187,2127,6.516616314199395,102.82087447108603
UDAYAPUR GHURMI,1085,7163,3770,3393,6.60184331797235,111.11111111111111
VAURATAR,1333,9233,4863,4370,6.926481620405101,111.28146453089245
